AE201:1
C1:1
C10:1
C11:1
C12:1
C13:1
C14:1
C15:1
C16:1
C17:1
C18:1
C19:1
C2:1
C20:1
C21:1
C22:1
C23:1
C26:1
C3:1
C301:1
C302:1
C303:1
C304:1
C305:1
C306:1
C307:1
C308:1
C309:1
C310:1
C311:1
C312:1
C313:1
C314:1
C315:1
C316:1
C317:1
C318:1
C319:1
C320:1
C321:1
C322:1
C323:1
C324:1
C325:1
C326:1
C327:1
C328:1
C329:1
C330:1
C331:1
C332:1
C333:1
C334:1
C335:1
C336:1
C337:1
C4:1
C5:1
C6:1
C7:1
C8:1
C9:1
D1:1
D3:1
D301:1
D302:1
D303:1
D304:1
D305:1
D306:1
D4:1
G***:1
H1:1
H2:1
H3:1
H4:1
H5:1
H6:1
J1:1
J10:1
J2:1
J9:1
L1:1
L3:1
L4:1
LS301:1
LS302:1
Q301:1
Q302:1
Q303:1
Q304:1
Q305:1
R1:1
R2:1
R3:1
R301:1
R302:1
R303:1
R304:1
R305:1
R306:1
R308:1
R309:1
R310:1
R313:1
R316:1
R317:1
R318:1
R319:1
R320:1
R321:1
R322:1
R323:1
R324:1
R325:1
R326:1
R327:1
R328:1
R329:1
R6:1
R7:1
R8:1
T301:1
T302:1
U1:1
U2:1
U301:1
U302:1
U303:1
U304:1
Y1:1
Y2:1
